degree 4:
10011
11001
count = 2


degree 5:
100101
101001
101111
110111
111011
111101
count = 6


degree 6:
1000011
1011011
1100001
1100111
1101101
1110011
count = 6


degree 7:
10000011
10001001
10001111
10010001
10011101
10100111
10101011
10111001
10111111
11000001
11001011
11010011
11010101
11100101
11101111
11110001
11110111
11111101
count = 18


degree 8:
100011101
100101011
100101101
101001101
101011111
101100011
101100101
101101001
101110001
110000111
110001101
110101001
111000011
111001111
111100111
111110101
count = 16


degree 9:
1000010001
1000011011
1000100001
1000101101
1000110011
1001011001
1001011111
1001101001
1001101111
1001110111
1001111101
1010000111
1010010101
1010100011
1010100101
1010101111
1010110111
1010111101
1011001111
1011010001
1011011011
1011110101
1011111001
1100010011
1100010101
1100011111
1100100011
1100110001
1100111011
1101001111
1101011011
1101100001
1101101011
1101101101
1101110011
1101111111
1110000101
1110001111
1110110101
1110111001
1111000111
1111001011
1111001101
1111010101
1111011001
1111100011
1111101001
1111111011
count = 48


degree 10:
10000001001
10000011011
10000100111
10000101101
10001100101
10001101111
10010000001
10010001011
10011000101
10011010111
10011100111
10011110011
10011111111
10100001101
10100011001
10100100011
10100110001
10100111101
10101000011
10101010111
10101101011
10110000101
10110001111
10110010111
10110100001
10111000111
10111100101
10111110111
10111111011
11000010011
11000010101
11000100101
11000110111
11001000011
11001001111
11001011011
11001111001
11001111111
11010001001
11010110101
11011000001
11011010011
11011011111
11011111101
11100010111
11100011101
11100100001
11100111001
11101000111
11101001101
11101010101
11101011001
11101100011
11101111101
11110001101
11110010011
11110110001
11111011011
11111110011
11111111001
count = 60


degree 11:
100000000101
100000010111
100000101011
100000101101
100001000111
100001100011
100001100101
100001110001
100001111011
100010001101
100010010101
100010011111
100010101001
100010110001
100011001111
100011010001
100011100001
100011100111
100011101011
100011110101
100100001101
100100010011
100100100101
100100101001
100100111011
100100111101
100101000101
100101001001
100101010001
100101011011
100101110011
100101110101
100101111111
100110000011
100110001111
100110101011
100110101101
100110111001
100111000111
100111011001
100111100101
100111110111
101000000001
101000000111
101000010011
101000010101
101000101001
101001001001
101001100001
101001101101
101001111001
101001111111
101010000101
101010010001
101010011101
101010100111
101010101011
101010110011
101010110101
101011010101
101011011111
101011101001
101011101111
101011110001
101011111011
101100000011
101100001001
101100010001
101100110011
101100111111
101101000001
101101001011
101101011001
101101011111
101101100101
101101101111
101101111101
101110000111
101110001011
101110010011
101110010101
101110101111
101110110111
101110111101
101111001001
101111011011
101111011101
101111100111
101111101101
110000001011
110000001101
110000011001
110000011111
110001010111
110001100001
110001101011
110001110011
110010000101
110010001001
110010010111
110010011011
110010011101
110010110011
110010111111
110011000111
110011001101
110011010011
110011010101
110011100011
110011101001
110011110111
110100000011
110100001111
110100011101
110100100111
110100101101
110101000001
110101000111
110101010101
110101011001
110101100011
110101101111
110101110001
110110010011
110110011111
110110101001
110110111011
110110111101
110111001001
110111010111
110111011011
110111100001
110111100111
110111110101
111000000101
111000011101
111000100001
111000100111
111000101011
111000110011
111000111001
111001000111
111001001011
111001010101
111001011111
111001110001
111001111011
111001111101
111010000001
111010010011
111010011111
111010100011
111010111011
111011001111
111011011101
111011110011
111011111001
111100001011
111100011001
111100110001
111100110111
111101011101
111101101011
111101101101
111101110101
111110000011
111110010001
111110010111
111110011011
111110100111
111110101101
111110110101
111111001101
111111010011
111111100101
111111101001
count = 176


degree 12:
1000001010011
1000001101001
1000001111011
1000001111101
1000010011001
1000011010001
1000011101011
1000100000111
1000100011111
1000100100011
1000100111011
1000101001111
1000101010111
1000101100001
1000101101011
1000110000101
1000110110011
1000111011001
1000111011111
1001000001101
1001000110111
1001000111101
1001001100111
1001001110011
1001001111111
1001010111001
1001011000001
1001011001011
1001100001111
1001100011101
1001100100001
1001100111001
1001100111111
1001101001101
1001101110001
1001110011001
1001110100011
1001110101001
1010000000111
1010000110001
1010000110111
1010001001111
1010001011101
1010001100111
1010001110101
1010010100111
1010010101101
1010011010011
1010100001111
1010100011101
1010101001101
1010110010011
1010111000101
1010111010111
1010111011101
1010111101011
1011000001001
1011001000111
1011001010101
1011001011001
1011010100101
1011010111101
1011100010101
1011100011001
1011101000011
1011101000101
1011101110101
1011110001001
1011110101101
1011110110011
1011110111111
1011111000001
1100001010111
1100001011101
1100010010001
1100010010111
1100010111001
1100011101111
1100100011011
1100100110101
1100101000001
1100101100101
1100101111011
1100110001011
1100110110001
1100110111101
1100111001001
1100111001111
1100111100111
1101000011011
1101000101011
1101000110011
1101001101001
1101010001011
1101011010001
1101011100001
1101011110101
1101100001011
1101100010011
1101100011111
1101101010111
1101110010001
1101110100111
1101110111111
1101111000001
1101111010011
1110000000101
1110000010001
1110000010111
1110000100111
1110001001101
1110010000111
1110010011111
1110010100101
1110010111011
1110011000101
1110011001001
1110011001111
1110011110011
1110100000111
1110100100011
1110101000011
1110101010001
1110101011011
1110101110101
1110110000101
1110110001001
1111000010101
1111000011001
1111000101111
1111001000101
1111001010001
1111001100111
1111001110011
1111010001111
1111011100011
1111100010001
1111100011011
1111100100111
1111101110001
1111110011001
1111110111011
1111110111101
1111111001001
count = 144


degree 13:
10000000011011
10000000100111
10000000110101
10000001010011
10000001100101
10000001101111
10000010001011
10000010001101
10000010011111
10000010100101
10000010101111
10000010111011
10000010111101
10000011000011
10000011001001
10000011100001
10000011110011
10000100001101
10000100010101
10000100101001
10000100101111
10000100111011
10000101000011
10000101100111
10000101101011
10000101111001
10000110001001
10000110010111
10000110011101
10000110111111
10000111000001
10000111000111
10000111001101
10000111011111
10000111100011
10000111110001
10000111111011
10001000011001
10001000100101
10001000110111
10001000111101
10001001000011
10001001011011
10001001011101
10001001111001
10001001111111
10001010001001
10001010010111
10001010011011
10001010110011
10001010111111
10001011001101
10001011101111
10001011110111
10001011111011
10001100000101
10001100100111
10001100101011
10001101000111
10001101010101
10001101011001
10001101101111
10001101110001
10001101111101
10001110000111
10001110001101
10001110010101
10001110100011
10001110101001
10001110110001
10001110110111
10001110111011
10001111100001
10001111101101
10001111111001
10010000001011
10010000010011
10010000011111
10010000100101
10010000101001
10010000111101
10010001010001
10010001010111
10010001100001
10010001101101
10010001111111
10010010000011
10010010011011
10010010011101
10010010110101
10010010111111
10010011000001
10010011000111
10010011001011
10010011100011
10010100001001
10010100010111
10010100011101
10010100100001
10010100101101
10010100111001
10010101010011
10010101010101
10010101100011
10010101110001
10010101110111
10010110000111
10010110001011
10010110010101
10010110011001
10010110011111
10010110101111
10010110111101
10010111000101
10010111001111
10010111010111
10010111101011
10011000000011
10011000000101
10011000010001
10011000101101
10011000111111
10011001001011
10011001010011
10011001011001
10011001101001
10011001110111
10011001111011
10011010000111
10011010010011
10011010011001
10011010110001
10011010110111
10011010111101
10011011000011
10011011101011
10011011110101
10011100010011
10011100101001
10011100111011
10011101001111
10011101010111
10011101011101
10011101101011
10011101110011
10011101111001
10011110000011
10011110010001
10011110100001
10011110111001
10011111000111
10011111001011
10011111011111
10011111101111
10011111110001
10100000000111
10100000011001
10100000011111
10100000100011
10100000110001
10100000111011
10100000111101
10100001000101
10100001100111
10100001110101
10100010000101
10100010101011
10100010101101
10100010111111
10100011001101
10100011010101
10100011011111
10100011100011
10100011101001
10100011111011
10100100001001
10100100001111
10100100010001
10100100011011
10100100101011
10100100110101
10100100111111
10100101000001
10100101001011
10100101010101
10100101110111
10100101111101
10100110000001
10100110010011
10100110011111
10100110101111
10100110110111
10100110111101
10100111000011
10100111010111
10100111110011
10100111110101
10101000000011
10101000001111
10101000011101
10101000100001
10101000110011
10101000110101
10101001001101
10101001101001
10101001101111
10101001110001
10101001111011
10101001111101
10101010100101
10101010101001
10101010110001
10101011000101
10101011010111
10101011011011
10101011101011
10101011110011
10101100000001
10101100010101
10101100100011
10101100100101
10101100101111
10101100110111
10101101000011
10101101001001
10101101101101
10101101111111
10101110000101
10101110010111
10101110011011
10101110101101
10101110110011
10101111011001
10101111100101
10101111111101
10110000001111
10110000100001
10110000101011
10110000101101
10110000111111
10110001000001
10110001001101
10110001110001
10110010001011
10110010001101
10110010010101
10110010100011
10110010101111
10110010111101
10110011000101
10110011010001
10110011010111
10110011100001
10110011100111
10110011101011
10110100001101
10110100011001
10110100101001
10110100101111
10110100110111
10110100111011
10110101000101
10110101011011
10110101100111
10110101110101
10110110001001
10110110001111
10110110100111
10110110101011
10110110110101
10110111100011
10110111110001
10110111111101
10111000000111
10111000010011
10111000010101
10111000101001
10111001001001
10111001001111
10111001011011
10111001011101
10111001100001
10111001101011
10111010001111
10111010010001
10111010010111
10111010011101
10111010101011
10111010110011
10111010111001
10111011011111
10111011111011
10111011111101
10111100000101
10111100001001
10111100010001
10111100010111
10111100111111
10111101000001
10111101001011
10111101001101
10111101011001
10111101011111
10111101100101
10111101101001
10111110010101
10111110100101
10111110101111
10111110110001
10111111001111
10111111011101
10111111100111
10111111101101
10111111110101
10111111111111
11000000000111
11000000010101
11000000011001
11000000101111
11000001001001
11000001001111
11000001100111
11000001111001
11000001111111
11000010010001
11000010100001
11000010110101
11000010111111
11000011000001
11000011010011
11000011011001
11000011100101
11000011101111
11000100000101
11000100001111
11000100110101
11000101000111
11000101001101
11000101011111
11000101100011
11000101110001
11000101111011
11000110100011
11000110101001
11000110110111
11000111000101
11000111001001
11000111011011
11000111100001
11000111101011
11000111101101
11000111110011
11000111111111
11001000001001
11001000001111
11001000011101
11001000100111
11001000111001
11001001001011
11001001010011
11001001011001
11001001100101
11001010000001
11001010010011
11001010011001
11001010011111
11001010101001
11001010110111
11001010111011
11001011000011
11001011010111
11001011011011
11001011100111
11001100000111
11001100010101
11001100101111
11001101010001
11001101011101
11001101110101
11001110010111
11001110011011
11001110101011
11001110111001
11001111000001
11001111000111
11001111010101
11001111100011
11001111100101
11001111110111
11001111111011
11010000001001
11010000011011
11010000100111
11010001000001
11010001001101
11010001011111
11010001101001
11010001110111
11010001111011
11010010000111
11010010010011
11010010011001
11010010100101
11010010111101
11010011001001
11010011011011
11010011100111
11010011111001
11010100001101
11010100011111
11010100100101
11010100110001
11010100110111
11010101000101
11010101001111
11010101011101
11010101101101
11010101110011
11010101111111
11010110011101
11010110100001
11010110111001
11010111001101
11010111010101
11010111011001
11010111100011
11010111101001
11010111101111
11011000000001
11011000001011
11011000011111
11011000100101
11011000101111
11011000111011
11011001001001
11011001010001
11011001011011
11011001110011
11011001110101
11011010010001
11011010011011
11011010011101
11011010101101
11011011001011
11011011010011
11011011010101
11011011100011
11011011101111
11011100000101
11011100001111
11011100011011
11011100100001
11011100101101
11011100111001
11011101000001
11011101000111
11011101010011
11011101110001
11011101110111
11011110001011
11011110010101
11011110011001
11011110100011
11011111000101
11011111001111
11011111010001
11011111010111
11011111011101
11011111100001
11011111110011
11100000000011
11100000000101
11100000010111
11100000011101
11100000100111
11100000110011
11100001001011
11100001011001
11100001101001
11100001110001
11100010100011
11100010110001
11100010111011
11100011001001
11100011001111
11100011100001
11100011110011
11100011111001
11100100000001
11100100000111
11100100001011
11100100010011
11100100110001
11100101001111
11100101100111
11100101101101
11100110000011
11100110000101
11100110010111
11100110100001
11100110100111
11100110101101
11100111001011
11100111001101
11100111010011
11100111101111
11100111110111
11100111111101
11101000000111
11101000101001
11101000101111
11101000111101
11101001010001
11101001011101
11101001100001
11101001100111
11101001110011
11101001110101
11101010001001
11101010111001
11101010111111
11101011001101
11101011010011
11101011010101
11101011011111
11101011100101
11101011101001
11101011111011
11101100010001
11101100101011
11101100101101
11101100110101
11101100111111
11101101010011
11101101011001
11101101100011
11101101100101
11101101101111
11101101110001
11101101110111
11101110001011
11101110011001
11101110100101
11101110101001
11101110110111
11101110111011
11101111010001
11101111100111
11101111110011
11101111111111
11110000001101
11110000010011
11110000010101
11110000011111
11110000100011
11110000100101
11110000111011
11110001001111
11110001011101
11110001101101
11110010000011
11110010001111
11110010011101
11110010100111
11110010101011
11110010111001
11110011000111
11110011101001
11110011111011
11110011111101
11110100000011
11110100010111
11110100011011
11110100100001
11110100101101
11110100110011
11110100110101
11110101000001
11110101001101
11110101100101
11110101101001
11110101111101
11110110000001
11110110010101
11110110110001
11110110110111
11110111000011
11110111010001
11110111011011
11110111100111
11110111101011
11110111111001
11111000000101
11111000001001
11111000001111
11111000011011
11111000101011
11111000111111
11111001000001
11111001010011
11111001100101
11111001101001
11111010001011
11111010100011
11111010111101
11111011000101
11111011010111
11111011011101
11111011100001
11111011111001
11111100001101
11111100011001
11111100011111
11111100100101
11111100110111
11111100111101
11111101000011
11111101000101
11111101001001
11111101010001
11111101010111
11111101100001
11111110000011
11111110001001
11111110010001
11111110101011
11111110110101
11111111100011
11111111110111
11111111111101
count = 630


degree 14:
100000000101011
100000000111001
100000001010011
100000001011111
100000001111011
100000010101001
100000010101111
100000010111011
100000010111101
100000011001111
100000011101011
100000011110011
100000100001101
100000100010011
100000100111011
100000101000011
100000110011011
100000110011101
100000110100111
100000110101101
100000110110101
100000111010101
100000111011001
100000111110001
100001000001101
100001001010111
100001001100001
100001001111111
100001010000101
100001010011101
100001011000111
100001011001011
100001011001101
100001011100011
100001011101001
100001011101111
100001100001001
100001100100001
100001100111111
100001101111101
100001110000111
100001110010101
100001110101111
100001111001001
100001111101011
100001111101101
100010000001011
100010001000011
100010001110011
100010011010011
100010011010101
100010011011111
100010011100011
100010011111011
100010100101011
100010100111001
100010101011001
100010101101111
100010110011001
100010110011111
100010110100101
100010110110111
100010111000101
100010111010111
100010111100111
100010111110011
100010111111111
100011000001111
100011000011101
100011000100111
100011000110101
100011001000111
100011001011001
100011001100011
100011001110001
100011001111011
100011010100101
100011011000101
100011011001111
100011011011011
100011100110001
100011101001111
100011101111111
100011110100111
100011111000001
100011111100101
100011111101001
100011111101111
100100000010011
100100000011001
100100000111011
100100001000011
100100001011011
100100001100001
100100001100111
100100001111111
100100010000011
100100011100011
100100100011101
100100100101101
100100100111001
100100101101001
100100101110111
100100110000111
100100110101001
100100111001111
100100111100001
100101000110101
100101001100101
100101001111011
100101010000001
100101010000111
100101010001011
100101010100011
100101011001001
100101011011101
100101011111001
100101100110111
100101101001001
100101101011011
100101101101011
100101101101101
100101101110011
100101101111001
100101110000101
100101110010111
100101110100001
100101110101011
100101110111001
100101111001011
100101111001101
100101111010101
100101111011111
100101111110001
100101111111011
100110000001001
100110000011101
100110000111111
100110001000111
100110001001011
100110001010101
100110001111101
100110010001101
100110010100101
100110010111101
100110011000101
100110011010001
100110011010111
100110011101101
100110100011111
100110100110001
100110101000101
100110101001111
100110101010001
100110101110101
100110110001111
100110110101101
100110110110011
100110111000001
100110111111011
100111000000001
100111000010101
100111000110111
100111001000011
100111001001001
100111001010001
100111001101011
100111001101101
100111010000011
100111010011011
100111011010011
100111011100101
100111011101001
100111011101111
100111100011101
100111101010101
100111101011111
100111101101001
100111101101111
100111110011111
100111110101001
100111110110111
100111110111011
100111111101011
101000000000111
101000000011111
101000000100101
101000001011101
101000010100001
101000011010101
101000011101001
101000100101101
101000101010011
101000101011001
101000101011111
101000101111101
101000110001011
101000110011001
101000110100101
101000110110001
101000111010001
101000111011011
101000111101011
101000111101101
101000111110101
101000111111111
101001000000101
101001000001111
101001000101101
101001001100101
101001010001011
101001010011001
101001010100011
101001010110001
101001011000011
101001011000101
101001011010001
101001011100111
101001100100101
101001100101001
101001101011011
101001110011011
101001110011101
101001110100111
101001110111001
101001110111111
101001111000111
101001111110001
101010000000011
101010000001111
101010000010111
101010000110101
101010000111001
101010001000111
101010001011111
101010001111011
101010010001101
101010010011111
101010010111011
101010011011101
101010011100001
101010100011001
101010100101111
101010100110111
101010101111001
101010101111111
101010110000011
101010110000101
101010110010001
101010110101101
101010111000001
101010111010011
101010111101001
101010111110111
101011000001101
101011000010101
101011000101001
101011000101111
101011000110001
101011010011011
101011010101011
101011010101101
101011010110011
101011011000001
101011011000111
101011011001101
101011011110111
101011100101011
101011100101101
101011100111111
101011101011001
101011101100011
101011101111101
101011110010011
101011110101111
101011110111101
101011111000011
101011111000101
101011111010111
101100000000011
101100000100001
101100000110011
101100000110101
101100000111111
101100001000001
101100010010101
101100010011001
101100010100011
101100010101111
101100011011101
101100011100111
101100011101011
101100011111111
101100101001111
101100101111111
101100110001111
101100110010111
101100110011101
101100110100001
101100110100111
101100110110101
101100111011111
101100111101001
101101000011111
101101000100101
101101000111011
101101000111101
101101001000011
101101001000101
101101001001001
101101001110101
101101010110101
101101011000001
101101011010011
101101011010101
101101011011001
101101100001111
101101100010111
101101100101011
101101100111001
101101101100011
101101101101001
101101101110111
101101110011001
101101111000011
101101111000101
101101111100001
101101111101011
101110000000111
101110000001011
101110000011001
101110000110001
101110001001001
101110001011101
101110001111001
101110010000011
101110010100001
101110010111111
101110011000001
101110011001011
101110011001101
101110011100101
101110100000101
101110100011101
101110100110011
101110101101111
101110110001101
101110110010101
101110110100011
101110110101001
101110110111011
101110111001111
101111000000011
101111000001111
101111000011011
101111000101101
101111001000111
101111001111101
101111010000001
101111010011001
101111011010111
101111011011011
101111011100111
101111011110101
101111100000111
101111100011001
101111100100011
101111100111101
101111101000011
101111101000101
101111101100001
101111101101011
101111101110101
101111110010111
101111111011111
110000000001101
110000000010101
110000000101111
110000000111101
110000001100111
110000001101011
110000010001001
110000010011101
110000010101011
110000010110011
110000010111001
110000011010101
110000100001001
110000100010001
110000100101101
110000100111001
110000101000001
110000101111101
110000110011111
110000110100101
110000110101111
110000110111011
110000111101101
110000111110101
110001000110011
110001001100011
110001001101111
110001001111101
110001010001101
110001010011111
110001010100101
110001010101001
110001010110111
110001011010111
110001011011011
110001011011101
110001011110011
110001100100011
110001100110001
110001100110111
110001101011011
110001101101101
110001101110101
110001110001001
110001110010001
110001110100001
110001110111111
110001111101111
110010000001001
110010000010111
110010001000001
110010001000111
110010010001011
110010010011111
110010011100111
110010011110101
110010100000001
110010100001011
110010100110111
110010100111011
110010101000101
110010101011011
110010110010001
110010110101101
110010110111001
110010110111111
110010111010101
110010111101111
110010111110111
110011000000111
110011000001101
110011000100011
110011000111011
110011001011101
110011001101011
110011010000011
110011010010111
110011010100111
110011010101011
110011010110101
110011011011001
110011011011111
110011100010001
110011100011011
110011101001011
110011101011111
110011101101001
110011101110111
110011110000001
110011110100011
110011111010001
110100000010001
110100000011101
110100001010011
110100001110111
110100010010011
110100010011111
110100010100101
110100010101001
110100011000101
110100011111111
110100100011001
110100100101111
110100101101011
110100101110011
110100110001111
110100110011101
110100110100001
110100110101011
110100111101001
110101000000001
110101000101111
110101001010001
110101001011011
110101001100111
110101001101011
110101001101101
110101001110101
110101010000011
110101010010111
110101010110011
110101010110101
110101010111111
110101011001011
110101011101001
110101011101111
110101100000011
110101100010111
110101100101011
110101100110011
110101100111001
110101101000111
110101101001011
110101101101001
110101101111101
110101110000001
110101110001101
110101110110111
110101111000101
110101111010111
110101111100001
110101111101101
110101111111001
110110000101111
110110000111101
110110001010111
110110001110011
110110010110101
110110010111001
110110011000001
110110011000111
110110011100101
110110100001001
110110100010111
110110100101011
110110101010011
110110101100011
110110101100101
110110101101001
110110110100011
110110110110001
110110110111011
110110110111101
110110111000101
110111000001001
110111000100111
110111000101101
110111000110011
110111001000001
110111001010011
110111001111011
110111010000001
110111010000111
110111010010101
110111010101111
110111011000011
110111011011011
110111011011101
110111011111001
110111100000001
110111100010101
110111100101001
110111100110001
110111100111011
110111101001111
110111101010111
110111110010001
110111111000111
110111111011001
110111111011111
110111111101001
111000000000101
111000000011101
111000000110011
111000001111101
111000010101001
111000010111011
111000011001001
111000011001111
111000011100001
111000100010011
111000100010101
111000100011001
111000100110001
111000100110111
111000100111101
111000101101011
111000110011011
111000110100001
111000110110101
111000111011111
111000111100101
111000111110111
111000111111011
111001000011111
111001000110001
111001000111011
111001001001111
111001001100111
111001010110011
111001011000001
111001011001101
111001011011111
111001011100101
111001011110001
111001011110111
111001100000011
111001100001001
111001100100111
111001100101011
111001110001101
111001110010011
111001110100101
111001110111101
111001111010001
111001111111111
111010000010011
111010000010101
111010001001111
111010001011011
111010001101011
111010001101101
111010010101011
111010010110011
111010011001101
111010011011111
111010011101001
111010011111101
111010100011011
111010100100001
111010101110111
111010101111011
111010110011001
111010110100011
111010110111101
111010111001111
111010111010001
111010111101011
111010111110101
111011000111001
111011001000111
111011001010011
111011001010101
111011001011111
111011001100011
111011001101001
111011010011111
111011010100011
111011010101111
111011011010001
111011011101011
111011011111001
111011100001011
111011101001001
111011101010111
111011101101101
111011101110011
111011110100111
111011110110101
111011111000111
111011111010011
111011111010101
111100000010101
111100000100101
111100000110001
111100000111101
111100001101101
111100011001011
111100011001101
111100011011001
111100011101111
111100100010111
111100100100111
111100101001101
111100101011001
111100101101111
111100101110001
111100101111011
111100110000001
111100110000111
111100110110001
111100111001001
111100111010111
111100111011101
111101000000011
111101000011011
111101000101011
111101000110101
111101000111111
111101001001011
111101001010101
111101010000001
111101010001101
111101010110111
111101010111011
111101011000011
111101011100001
111101011110101
111101100100011
111101101001111
111101101010001
111101101011101
111101101111001
111101110001111
111101110100001
111101110101011
111101110111001
111101111010011
111101111100011
111101111110001
111110000000101
111110000100111
111110000101101
111110001011001
111110010001011
111110010010011
111110010010101
111110010100011
111110010110111
111110011000011
111110011010001
111110011111001
111110011111111
111110100000001
111110100010101
111110100110111
111110101000101
111110101110011
111110101111001
111110110010001
111110110010111
111110110100111
111110110110011
111110111000111
111110111001101
111110111101001
111110111111011
111110111111101
111111000001101
111111000011001
111111000101111
111111001100001
111111001110101
111111001111111
111111010011101
111111010101011
111111011010011
111111011100011
111111011100101
111111100001001
111111100100001
111111100111111
111111101001101
111111101010101
111111101110001
111111110001011
111111110001101
111111110011111
111111111000101
111111111010001
111111111100111
count = 756


degree 15:
1000000000000011
1000000000010001
1000000000010111
1000000000101101
1000000000110101
1000000001011111
1000000001110111
1000000010000001
1000000010000111
1000000010010011
1000000010100101
1000000011000011
1000000011001111
1000000011011101
1000000011100111
1000000011110101
1000000100000001
1000000100010101
1000000100100101
1000000101010111
1000000101011101
1000000101100001
1000000101101101
1000000110000101
1000000110100001
1000000110100111
1000000110111001
1000000111001011
1000000111001101
1000000111011111
1000000111111101
1000001000010011
1000001000111011
1000001001000101
1000001001111111
1000001010001001
1000001010001111
1000001010011011
1000001011001011
1000001011011001
1000001100010111
1000001100011011
1000001100101011
1000001100110011
1000001101000111
1000001101001101
1000001101011111
1000001101100011
1000001101101001
1000001101110001
1000001110001011
1000001110011001
1000001110101111
1000001110111101
1000001111000101
1000001111010001
1000010000011001
1000010000100011
1000010000101111
1000010000110001
1000010000110111
1000010001100111
1000010001101101
1000010001111001
1000010010000011
1000010010010111
1000010010100001
1000010010110101
1000010011011111
1000010011110111
1000010011111101
1000010100011101
1000010100100001
1000010100100111
1000010100110011
1000010101000111
1000010101001011
1000010101011111
1000010101110001
1000010101111011
1000010110000001
1000010110001101
1000010110100011
1000010110110001
1000010111000101
1000010111001001
1000010111011011
1000010111101101
1000010111110011
1000011000001001
1000011000010001
1000011000011101
1000011000101011
1000011001010101
1000011001011001
1000011001100101
1000011001111101
1000011010000001
1000011010101001
1000011010101111
1000011010110111
1000011011000011
1000011011011011
1000011011111111
1000011100001011
1000011100001101
1000011100010101
1000011100101001
1000011100110001
1000011101101011
1000011110000101
1000011110001001
1000011110001111
1000011110101011
1000011110101101
1000011110110011
1000011110111111
1000011111011111
1000011111110001
1000100000000001
1000100000110111
1000100001001001
1000100001011101
1000100001100001
1000100001111001
1000100010000011
1000100010001111
1000100010110101
1000100011000111
1000100011011001
1000100100000101
1000100100001001
1000100100010111
1000100100100111
1000100101100101
1000100110011001
1000100110101111
1000100111001111
1000100111010001
1000100111011101
1000100111101101
1000100111111111
1000101000111001
1000101001010101
1000101001100011
1000101001100101
1000101001110001
1000101001111011
1000101010000111
1000101010001011
1000101010011111
1000101010101111
1000101010110001
1000101011011101
1000101100001011
1000101100001101
1000101100111011
1000101101000011
1000101101101101
1000101101110011
1000101110010001
1000101110011101
1000101111000001
1000101111001011
1000101111010101
1000101111100101
1000101111110001
1000110000100001
1000110000100111
1000110001000111
1000110001010101
1000110001100011
1000110001101001
1000110010000111
1000110010010011
1000110010100011
1000110010101001
1000110010111011
1000110011001001
1000110011100001
1000110100000111
1000110100001011
1000110100100101
1000110101000011
1000110101010001
1000110101011011
1000110101111111
1000110110000101
1000110110001001
1000110110011011
1000110110100001
1000110110111111
1000110111001011
1000110111001101
1000110111100101
1000110111101001
1000110111101111
1000111000001011
1000111000011111
1000111000111011
1000111001010001
1000111001010111
1000111001110011
1000111001110101
1000111010001111
1000111010010111
1000111010011011
1000111010100001
1000111010111111
1000111011000001
1000111011010011
1000111011100101
1000111011111011
1000111100001111
1000111100100111
1000111100101011
1000111100111001
1000111101100101
1000111101110111
1000111101111101
1000111110100101
1000111111001001
1000111111010001
1000111111100001
1001000000001011
1001000000011001
1001000000011111
1001000000100101
1001000000110111
1001000000111101
1001000001000011
1001000001010111
1001000001100001
1001000001101101
1001000001110101
1001000010001001
1001000010010001
1001000010011011
1001000010101101
1001000100000101
1001000100001001
1001000100010111
1001000100011011
1001000100011101
1001000101000001
1001000101001101
1001000101111011
1001000110011001
1001000110100011
1001000110101001
1001000110110001
1001000110111101
1001000111001111
1001000111100001
1001001000000011
1001001000010001
1001001000011011
1001001000100111
1001001000110011
1001001000111111
1001001001001101
1001001001010011
1001001001111011
1001001010000111
1001001010010101
1001001010100011
1001001010110111
1001001011001001
1001001011011101
1001001011110101
1001001011111001
1001001100010011
1001001100110001
1001001101000101
1001001101001001
1001001101010111
1001001101110011
1001001101111111
1001001110000011
1001001110011101
1001001110100001
1001001110110101
1001001111001011
1001001111011111
1001001111101111
1001001111110001
1001001111111011
1001010000001111
1001010000101011
1001010000110101
1001010001001011
1001010001010011
1001010001111101
1001010010010011
1001010010011001
1001010010100101
1001010010101001
1001010010111011
1001010011010111
1001010011011011
1001010011100001
1001010011100111
1001010011110101
1001010011111111
1001010100000111
1001010100010101
1001010100101001
1001010100110001
1001010100111101
1001010101000101
1001010101100001
1001010101101011
1001010110001001
1001010110011011
1001010110101101
1001010111011111
1001010111101001
1001011000010011
1001011000010101
1001011000110001
1001011000110111
1001011000111101
1001011001000011
1001011001100111
1001011001111001
1001011010010111
1001011010101101
1001011011000001
1001011011001011
1001011011011111
1001011011111011
1001011100101011
1001011100110101
1001011101001101
1001011101100011
1001011110010101
1001011110011111
1001011110100011
1001011110100101
1001011110101001
1001011110110001
1001011111011011
1001011111011101
1001011111110011
1001011111111111
1001100000001001
1001100000100001
1001100001000111
1001100010010101
1001100010011001
1001100010101111
1001100010111011
1001100011000101
1001100011010111
1001100011011101
1001100100001011
1001100100011001
1001100100100101
1001100100101001
1001100100101111
1001100100110111
1001100101000011
1001100101000101
1001100101101101
1001100101111111
1001100110001001
1001100110010001
1001100110011011
1001100110111001
1001100110111111
1001100111000001
1001100111001011
1001100111010101
1001100111100011
1001101000100101
1001101001001111
1001101001010111
1001101001011011
1001101001011101
1001101001100001
1001101001101101
1001101001111001
1001101001111111
1001101010010111
1001101010011101
1001101010101011
1001101010111001
1001101011000111
1001101011100011
1001101011111011
1001101100010001
1001101100011011
1001101100110011
1001101101000001
1001101101010011
1001101101011111
1001101101101111
1001101101110111
1001101110001011
1001101110010011
1001101110110111
1001101110111101
1001101111101011
1001101111111111
1001110000010101
1001110000101111
1001110000111011
1001110001010001
1001110001011101
1001110001100111
1001110001110101
1001110001111001
1001110010000101
1001110010111111
1001110011010101
1001110011100101
1001110011110001
1001110011110111
1001110100000011
1001110101010101
1001110101011001
1001110101100011
1001110110000001
1001110110001011
1001110110011001
1001110110011111
1001110110100101
1001110110111101
1001111000000011
1001111000010001
1001111000010111
1001111000100001
1001111000111001
1001111001000111
1001111001010101
1001111001011001
1001111001100011
1001111001101001
1001111010011111
1001111010100011
1001111011101101
1001111011110011
1001111100001011
1001111100010011
1001111100100011
1001111100101111
1001111101001001
1001111101001111
1001111101100111
1001111110011011
1001111110101101
1001111110110011
1001111110110101
1001111111001101
1010000000001011
1010000000100011
1010000000100101
1010000000101111
1010000001000011
1010000001011011
1010000001011101
1010000001100111
1010000001101011
1010000001101101
1010000010001001
1010000010010001
1010000010110101
1010000011001101
1010000011011111
1010000011111011
1010000100000011
1010000100001111
1010000100011101
1010000100100111
1010000100110011
1010000100110101
1010000100111001
1010000101000111
1010000101101111
1010000101111011
1010000110000001
1010000110011111
1010000110110001
1010000111000101
1010000111001111
1010000111100001
1010001000001111
1010001001000001
1010001001000111
1010001001100011
1010001001101111
1010001010011001
1010001010101001
1010001011000101
1010001011001001
1010001011010111
1010001011011011
1010001011101101
1010001100000111
1010001100001011
1010001100001101
1010001100011001
1010001100100011
1010001101000101
1010001101101011
1010001101110011
1010001110000101
1010001110001111
1010001110010111
1010001110100001
1010001110110011
1010001111000001
1010001111001101
1010001111010101
1010010000000011
1010010000000101
1010010000001001
1010010001010011
1010010001011001
1010010010000001
1010010010001011
1010010010011001
1010010010100101
1010010010101111
1010010010110001
1010010010111101
1010010011000011
1010010011011011
1010010011101101
1010010100000001
1010010100100011
1010010100100101
1010010100101001
1010010101001111
1010010110000011
1010010110100111
1010010110111001
1010010111001101
1010010111101001
1010010111110001
1010011000010011
1010011000101111
1010011000110111
1010011001010001
1010011001100001
1010011001110011
1010011010010001
1010011010011011
1010011010011101
1010011011000111
1010011011110001
1010011011111101
1010011100011011
1010011100101011
1010011100111001
1010011101011111
1010011101110001
1010011110001101
1010011110110001
1010011110111011
1010011110111101
1010011111001111
1010011111010001
1010011111011101
1010011111100111
1010100000101011
1010100000110011
1010100000111001
1010100001001011
1010100001001101
1010100001010101
1010100001101001
1010100001111101
1010100010000001
1010100010010011
1010100010011111
1010100010100011
1010100010101001
1010100010110111
1010100011001111
1010100011011101
1010100011100001
1010100100001011
1010100100010011
1010100100011001
1010100101001001
1010100101110101
1010100110100111
1010100110101101
1010100111101001
1010100111101111
1010100111110111
1010101000001101
1010101000010101
1010101000101111
1010101000110001
1010101001000011
1010101001001111
1010101001010001
1010101001100001
1010101001111001
1010101010011101
1010101010101101
1010101010111001
1010101011010011
1010101100000011
1010101100001111
1010101100011101
1010101100110101
1010101100111001
1010101101000111
1010101101100011
1010101110001011
1010101110011001
1010101110111011
1010101111000101
1010101111010001
1010101111010111
1010101111011011
1010101111110011
1010110000000001
1010110000000111
1010110000001101
1010110000101001
1010110000110111
1010110001011011
1010110001101101
1010110001110011
1010110010000101
1010110010001111
1010110010010111
1010110011000111
1010110011010101
1010110011011111
1010110011101001
1010110011111101
1010110100000101
1010110100010001
1010110100011011
1010110100100001
1010110101101111
1010110110100011
1010110110101111
1010110111001001
1010110111011101
1010110111100111
1010110111101011
1010110111111001
1010111000001001
1010111000011101
1010111000101101
1010111000111001
1010111000111111
1010111001011111
1010111001100011
1010111001110001
1010111001110111
1010111010001101
1010111010010101
1010111010100011
1010111010111011
1010111011010111
1010111011011101
1010111011100111
1010111011110101
1010111100000001
1010111100010011
1010111100011111
1010111100101001
1010111100101111
1010111100111011
1010111101000011
1010111101001001
1010111101100111
1010111101110101
1010111110001111
1010111110101011
1010111111010011
1010111111100011
1010111111111101
1011000000001111
1011000000011011
1011000000101101
1011000000110101
1011000000111111
1011000001010101
1011000001110111
1011000010010011
1011000010101111
1011000011000011
1011000011000101
1011000011010001
1011000011100001
1011000011110011
1011000100000111
1011000100001011
1011000100111101
1011000101010111
1011000101011101
1011000101110101
1011000110001111
1011000110010111
1011000110011101
1011000110100001
1011000111000111
1011000111011111
1011000111100101
1011001000001011
1011001000010011
1011001000010101
1011001001000011
1011001001001001
1011001001001111
1011001001111111
1011001010001001
1011001010011011
1011001011000001
1011001011011111
1011001011101001
1011001011101111
1011001011110111
1011001100000101
1011001100010111
1011001100100111
1011001101111011
1011001110000001
1011001110010011
1011001110100101
1011001110110001
1011001110110111
1011001111000101
1011001111010111
1011001111011011
1011001111011101
1011001111111001
1011010000000001
1011010000001101
1011010001000011
1011010001010111
1011010001101101
1011010001110101
1011010001111111
1011010010100111
1011010010111111
1011010011101111
1011010011110111
1011010100001001
1011010100011101
1011010100111111
1011010101000111
1011010101010011
1011010101010101
1011010101101001
1011010101110111
1011010101111011
1011010110010101
1011010110101001
1011010110111011
1011010111000011
1011010111010111
1011010111100001
1011010111100111
1011010111101011
1011010111111001
1011011000000101
1011011000001001
1011011000010111
1011011000011011
1011011000100001
1011011000100111
1011011000101101
1011011000110011
1011011000110101
1011011001001011
1011011001011001
1011011001111011
1011011010000001
1011011010001011
1011011010011001
1011011010101111
1011011011010001
1011011011100111
1011011011101011
1011011100011111
1011011100100101
1011011101000101
1011011101010111
1011011101101011
1011011101111001
1011011110000011
1011011110010001
1011011110011101
1011011110100001
1011011110110011
1011011111111101
1011100001001111
1011100001100001
1011100001110101
1011100010000101
1011100010001001
1011100010011101
1011100010100001
1011100010101101
1011100010111111
1011100011010011
1011100011010101
1011100011111011
1011100100000011
1011100100011101
1011100100100111
1011100100101011
1011100101000111
1011100101010101
1011100101011001
1011100101100101
1011100101110111
1011100110001101
1011100110101111
1011100110111011
1011100111000011
1011100111001001
1011100111010001
1011100111101101
1011100111110011
1011101000000101
1011101000010001
1011101000111001
1011101001011001
1011101010000001
1011101010000111
1011101010001101
1011101010010011
1011101010110111
1011101011010111
1011101100000001
1011101100010101
1011101100011001
1011101100100011
1011101100111101
1011101101000011
1011101101001001
1011101101010001
1011101101011011
1011101101100111
1011101101110101
1011101110010001
1011101110110101
1011101110111111
1011101111001011
1011101111001101
1011101111100101
1011101111101001
1011110000001001
1011110000110011
1011110001101001
1011110001111011
1011110010001011
1011110010001101
1011110010011111
1011110010101001
1011110011000011
1011110011011101
1011110100010011
1011110100100101
1011110100101111
1011110101100111
1011110101111111
1011110110000011
1011110110001001
1011110110111001
1011110111000001
1011110111010011
1011110111011001
1011110111100101
1011111000010101
1011111000100011
1011111000101001
1011111000110111
1011111001010111
1011111001011011
1011111001100001
1011111001101011
1011111001111111
1011111010000011
1011111010101011
1011111011110001
1011111100100001
1011111100100111
1011111100110011
1011111100110101
1011111101100101
1011111110000001
1011111110001011
1011111110100011
1011111110110111
1011111111000011
1011111111101101
1011111111110101
1011111111111111
1100000000000001
1100000000000111
1100000000010011
1100000000011111
1100000000100101
1100000001001001
1100000001110011
1100000001111001
1100000010000101
1100000010010111
1100000010011101
1100000010100111
1100000010111001
1100000011001011
1100000011010101
1100000011100011
1100000011111011
1100000100010001
1100000100100001
1100000100110011
1100000100111111
1100000101011111
1100000101110111
1100000101111011
1100000101111101
1100000110010011
1100000110100101
1100000110111101
1100000111000011
1100000111001001
1100000111011011
1100000111100111
1100000111101101
1100001000000101
1100001000001001
1100001000010111
1100001000101101
1100001001001101
1100001001010101
1100001001101001
1100001010011001
1100001010110001
1100001011010001
1100001011011101
1100001011110101
1100001100000001
1100001100001101
1100001100100101
1100001100111101
1100001101010111
1100001101011011
1100001101100001
1100001101110011
1100001110000011
1100001110011011
1100001110011101
1100001110101101
1100001111000111
1100001111100011
1100001111101111
1100001111111101
1100010000000101
1100010000100001
1100010000110011
1100010001000111
1100010001001011
1100010001011111
1100010001101111
1100010001111101
1100010010010011
1100010010011111
1100010010100101
1100010010110111
1100010011000101
1100010011011101
1100010011101011
1100010011111001
1100010011111111
1100010100001011
1100010100010101
1100010100101111
1100010100110001
1100010101001001
1100010101011011
1100010101110101
1100010101111001
1100010110001001
1100010110011011
1100010110100001
1100010110110011
1100010110110101
1100010110111111
1100010111011111
1100010111101001
1100010111101111
1100010111111101
1100011000110001
1100011001000101
1100011001010001
1100011001101011
1100011001110101
1100011001111001
1100011010001111
1100011010010111
1100011010101011
1100011010111001
1100011011000001
1100011011000111
1100011011010101
1100011011101001
1100011100000011
1100011101010011
1100011101011001
1100011101110111
1100011110011001
1100011110011111
1100011111000011
1100011111010111
1100011111011011
1100011111110101
1100100000000011
1100100000011011
1100100001000001
1100100001001101
1100100001011111
1100100001100101
1100100001101001
1100100010010101
1100100010111101
1100100011001001
1100100011110101
1100100011111001
1100100011111111
1100100100000001
1100100100001101
1100100100010101
1100100100011111
1100100100100011
1100100100101001
1100100100110001
1100100100110111
1100100100111011
1100100101011011
1100100101011101
1100100110000011
1100100111000111
1100100111001011
1100100111001101
1100100111011001
1100101000100101
1100101000101001
1100101000101111
1100101001001001
1100101001100111
1100101010001111
1100101010101101
1100101010111111
1100101011011001
1100101011100011
1100101011101111
1100101100010111
1100101100011011
1100101100011101
1100101100101011
1100101100111111
1100101101010101
1100101101110001
1100101101111011
1100101110000111
1100101110111101
1100101111100111
1100101111110101
1100110000010101
1100110000100011
1100110000111101
1100110001001001
1100110001101101
1100110001111111
1100110010000011
1100110010000101
1100110010011011
1100110010100001
1100110010100111
1100110010110011
1100110011000001
1100110011011001
1100110011110111
1100110011111011
1100110011111101
1100110100101011
1100110100110011
1100110110000111
1100110110011111
1100110110100011
1100110111000101
1100110111001111
1100110111010111
1100110111100001
1100110111101011
1100110111101101
1100110111111001
1100110111111111
1100111000000011
1100111000100111
1100111000110101
1100111001100101
1100111001110001
1100111010011111
1100111010111011
1100111011000011
1100111011000101
1100111011001001
1100111011010001
1100111011010111
1100111011110011
1100111011111111
1100111100001101
1100111100011111
1100111100101111
1100111101110011
1100111101111001
1100111110001111
1100111110011101
1100111110100001
1100111111000111
1100111111010101
1100111111101001
1100111111110111
1101000000000101
1101000000001001
1101000000111111
1101000001001101
1101000001110001
1101000001110111
1101000010000111
1101000010001011
1101000010001101
1101000010010101
1101000010011001
1101000010100011
1101000010110001
1101000011000101
1101000011001111
1101000011010001
1101000011010111
1101000011100001
1101000011111001
1101000100001011
1101000100100101
1101000100101111
1101000100111101
1101000101010001
1101000101011011
1101000101101101
1101000110011011
1101000110111001
1101000110111111
1101000111000001
1101000111010101
1101000111011001
1101000111101111
1101000111111101
1101001000000111
1101001000010101
1101001000100011
1101001000101001
1101001000110111
1101001001010111
1101001001101011
1101001001101101
1101001010001111
1101001010100001
1101001100000011
1101001100010111
1101001100100111
1101001101000001
1101001101011111
1101001101101001
1101001101110111
1101001101111011
1101001110000001
1101001110010011
1101001110011001
1101001110110001
1101001111001001
1101001111010001
1101001111011101
1101001111100111
1101010000010101
1101010000101001
1101010000111011
1101010001100001
1101010001101011
1101010010010111
1101010010011101
1101010010101011
1101010010110011
1101010010111111
1101010011000001
1101010011010011
1101010011100101
1101010011101001
1101010011110001
1101010100001111
1101010100100111
1101010100101011
1101010101000111
1101010101011001
1101010101100011
1101010101111101
1101010110110111
1101010111100001
1101010111100111
1101010111110101
1101011000000101
1101011000100111
1101011000101011
1101011001001011
1101011001100011
1101011001111101
1101011010101001
1101011010110111
1101011011000101
1101011011010111
1101011011100001
1101011011101101
1101011100100011
1101011101101101
1101011101111111
1101011110101101
1101011110110011
1101011110110101
1101011110111111
1101011111011001
1101011111110111
1101011111111011
1101100000001101
1101100000010011
1101100001001001
1101100001010111
1101100001101101
1101100010001001
1101100010001111
1101100010011011
1101100010100111
1101100010110101
1101100011000001
1101100011010011
1101100011011001
1101100011100101
1101100100001001
1101100100011011
1101100100110011
1101100101000001
1101100101000111
1101100101001101
1101100101011111
1101100101100101
1101100101110001
1101100110001011
1101100110011001
1101100110011111
1101100110100011
1101100110101001
1101100110110001
1101100111000011
1101100111010111
1101100111111001
1101101000000101
1101101000010111
1101101000100111
1101101000110101
1101101000111111
1101101001011001
1101101001111101
1101101010001011
1101101010010011
1101101010100011
1101101010110001
1101101011000011
1101101011011101
1101101100011111
1101101100100101
1101101100101001
1101101100111011
1101101101000101
1101101101001111
1101101101100001
1101101110000011
1101101110100001
1101101111000111
1101101111001101
1101101111010101
1101101111011111
1101101111100011
1101101111101001
1101101111101111
1101110000101011
1101110000111001
1101110001000001
1101110001101111
1101110001110001
1101110010010011
1101110010011111
1101110010101111
1101110011010001
1101110011010111
1101110011011011
1101110011110101
1101110100011001
1101110100101001
1101110100110001
1101110101010111
1101110101100111
1101110101110011
1101110101110101
1101110110011101
1101110110101101
1101110111010101
1101110111100101
1101110111110111
1101110111111011
1101111000000111
1101111000101111
1101111000111101
1101111001001001
1101111001001111
1101111001010001
1101111001101101
1101111010000011
1101111010000101
1101111010001001
1101111010100001
1101111010101101
1101111011001011
1101111011001101
1101111011010011
1101111100000011
1101111100000101
1101111100010111
1101111100011101
1101111100110011
1101111101011001
1101111101101001
1101111101101111
1101111101110001
1101111110111011
1101111111001001
1101111111101011
1110000000000011
1110000000001111
1110000000110101
1110000001000111
1110000001001011
1110000001011111
1110000001111011
1110000010001101
1110000010101001
1110000010110001
1110000010110111
1110000011000101
1110000011010111
1110000100000001
1110000100001011
1110000100110001
1110000101001001
1110000101001111
1110000101010001
1110000101011101
1110000101100111
1110000101111111
1110000110110011
1110000111010011
1110000111101111
1110001000000111
1110001000011001
1110001000100011
1110001000110001
1110001001000101
1110001001001111
1110001001100111
1110001001111001
1110001010000101
1110001010011011
1110001010011101
1110001010100001
1110001010101011
1110001010101101
1110001010111111
1110001011000001
1110001011010101
1110001100001111
1110001100010001
1110001100110101
1110001101011001
1110001101100011
1110001101100101
1110001101110111
1110001110001101
1110001110010011
1110001110011111
1110001110101111
1110001110110111
1110001111000011
1110001111011011
1110001111110011
1110001111111111
1110010000011111
1110010000110001
1110010001001001
1110010001011011
1110010001101011
1110010001101101
1110010001110011
1110010010000101
1110010010010001
1110010010010111
1110010010011101
1110010010100001
1110010010101011
1110010011001011
1110010011001101
1110010011110001
1110010011111101
1110010100000011
1110010100010111
1110010100011011
1110010100101101
1110010100110011
1110010110000001
1110010110010101
1110010110100101
1110011000000101
1110011000100001
1110011000111001
1110011000111111
1110011001000111
1110011001010011
1110011001101001
1110011010000111
1110011010111011
1110011010111101
1110011011010111
1110011011011101
1110011011110101
1110011011111001
1110011100000001
1110011100101001
1110011101101101
1110011101110101
1110011110000011
1110011110001111
1110011110101011
1110011110101101
1110011110110101
1110011111001011
1110011111010011
1110011111100101
1110011111110111
1110100000000001
1110100000101111
1110100001000011
1110100001011011
1110100001101101
1110100001111001
1110100010001001
1110100010010001
1110100010100111
1110100010111111
1110100011000001
1110100011001011
1110100011001101
1110100011010011
1110100011111011
1110100100000011
1110100100001111
1110100100100001
1110100100100111
1110100100101011
1110100100110101
1110100101011001
1110100101011111
1110100101100011
1110100101101001
1110100101110001
1110100110001101
1110100110110111
1110100111000101
1110100111001111
1110100111010111
1110101000001001
1110101000011011
1110101000101101
1110101001001011
1110101001011001
1110101001110001
1110101001111101
1110101010000001
1110101010001101
1110101010111011
1110101011000011
1110101011001001
1110101011101101
1110101100000111
1110101100001011
1110101100011001
1110101100101001
1110101100111011
1110101101000101
1110101101011101
1110101101100111
1110101101101011
1110101101110011
1110101101110101
1110101110010111
1110101110011011
1110101110101101
1110101110110011
1110101111001101
1110101111010101
1110101111100011
1110110000001001
1110110000010001
1110110000100001
1110110000110101
1110110001001011
1110110001100101
1110110001101001
1110110001111101
1110110010010011
1110110010011001
1110110010110111
1110110011001111
1110110011111111
1110110100000111
1110110100010101
1110110100100011
1110110100110111
1110110101001001
1110110101011101
1110110101100001
1110110101101011
1110110110010111
1110110110101011
1110110111000111
1110110111001101
1110110111011001
1110110111011111
1110110111101111
1110110111111101
1110111000000001
1110111000001011
1110111000001101
1110111000011111
1110111001110101
1110111010000011
1110111010011101
1110111010101101
1110111011000111
1110111011001011
1110111011011001
1110111011100011
1110111011110001
1110111011110111
1110111100001111
1110111100100001
1110111100101101
1110111100110011
1110111100111001
1110111101001101
1110111101110111
1110111110010101
1110111110011111
1110111110111011
1110111111100111
1110111111101011
1110111111110011
1111000000000111
1111000000001101
1111000000011111
1111000000101001
1111000000101111
1111000001000101
1111000010000101
1111000010010111
1111000010101011
1111000010111111
1111000011000111
1111000011010101
1111000011011111
1111000011110001
1111000011110111
1111000100010001
1111000100011011
1111000100110101
1111000101000001
1111000101001011
1111000101010011
1111000101100011
1111000101110001
1111000110001101
1111000111000101
1111000111100001
1111000111100111
1111000111110011
1111000111110101
1111001000011101
1111001001000111
1111001001001101
1111001001010101
1111001001011001
1111001001101111
1111001001111011
1111001010000111
1111001010011111
1111001010100101
1111001011011011
1111001011111001
1111001011111111
1111001100000001
1111001100001011
1111001100010101
1111001100101111
1111001100110111
1111001110000101
1111001110001001
1111001110010001
1111001110010111
1111001110110011
1111001111011111
1111001111100101
1111010000000101
1111010000001111
1111010000010111
1111010000100001
1111010000111001
1111010001010011
1111010001010101
1111010001100101
1111010001111011
1111010010001011
1111010010011001
1111010010100011
1111010010111101
1111010011001111
1111010011110011
1111010011110101
1111010011111001
1111010100001101
1111010100011001
1111010100100101
1111010100111011
1111010101010001
1111010101100001
1111010101101101
1111010110010001
1111010110011101
1111010110110101
1111010110111111
1111010111000001
1111010111000111
1111011000011111
1111011000100011
1111011000111011
1111011001000101
1111011001001111
1111011010000101
1111011010110101
1111011011011001
1111011011101111
1111011011111011
1111011100101101
1111011100111111
1111011101001101
1111011101010011
1111011101101111
1111011110000111
1111011110001011
1111011110010101
1111011110100011
1111011110110001
1111011110110111
1111011111000011
1111011111001001
1111011111011011
1111011111111111
1111100000000011
1111100000001001
1111100000001111
1111100000100111
1111100000111111
1111100001101111
1111100001110001
1111100001110111
1111100010010011
1111100011011011
1111100011101101
1111100011110011
1111100011110101
1111100100010101
1111100100100011
1111100100111011
1111100100111101
1111100101001111
1111100101010001
1111100101110011
1111100101111001
1111100110000101
1111100110011011
1111100110110011
1111100110111001
1111100111000111
1111100111100011
1111100111101001
1111100111110111
1111101000000001
1111101000000111
1111101000010011
1111101000100011
1111101001110101
1111101010000011
1111101010010111
1111101010011011
1111101010100001
1111101011000001
1111101011001011
1111101011011001
1111101011011111
1111101011100101
1111101100000101
1111101100001111
1111101100100001
1111101100110101
1111101101001101
1111101101011111
1111101101101001
1111101110000001
1111101110001101
1111101110100011
1111101110101001
1111101110110111
1111101111001001
1111101111001111
1111101111011011
1111101111100001
1111110000001011
1111110000001101
1111110000011111
1111110001001001
1111110001011011
1111110001100111
1111110001110101
1111110010000011
1111110010101101
1111110011010011
1111110011101111
1111110100001111
1111110100010111
1111110100011101
1111110100101011
1111110100101101
1111110100111001
1111110101000111
1111110101010011
1111110101110001
1111110110001011
1111110110011001
1111110110100011
1111110110101111
1111110110110001
1111110111011101
1111110111100001
1111110111101011
1111111000101101
1111111000110011
1111111001000001
1111111001001101
1111111001011001
1111111001111101
1111111010000111
1111111010011001
1111111010110001
1111111010111101
1111111011001001
1111111011101011
1111111011111111
1111111100010011
1111111100100011
1111111100101001
1111111100110111
1111111101001111
1111111101100001
1111111101110011
1111111101111111
1111111110010001
1111111110110011
1111111111000111
1111111111011001
1111111111101001
1111111111101111
1111111111111101
count = 1800


degree 16:
10000000000101101
10000000000111001
10000000000111111
10000000001010011
10000000010111101
10000000011010111
10000000100101111
10000000100111101
10000000101001111
10000000101011101
10000000110010111
10000000110100001
10000000110101101
10000000110111111
10000000111000111
10000001000010101
10000001000011001
10000001000100101
10000001000101111
10000001001011101
10000001001101101
10000001010000101
10000001010010001
10000001010100001
10000001011100101
10000001100011101
10000001101001011
10000001101101001
10000001101110001
10000001110000111
10000001110001101
10000001110011111
10000001110100011
10000001111011101
10000001111111001
10000010000101001
10000010001010111
10000010001100111
10000010010000011
10000010010001001
10000010010010001
10000010010111111
10000010011000001
10000010100110011
10000010101000111
10000010101101001
10000010110000111
10000010111000011
10000010111011101
10000010111101011
10000011001000001
10000011001001011
10000011001010011
10000011010001011
10000011011000011
10000011101101011
10000011101101101
10000011101111001
10000011110000011
10000011111110001
10000100000001101
10000100001100001
10000100010111111
10000100011010101
10000100011011111
10000100011100011
10000100011110001
10000100011111011
10000100100111001
10000100101111101
10000100110001011
10000100110100101
10000100110101111
10000100111000011
10000100111000101
10000100111100111
10000100111110011
10000101001111101
10000101010000001
10000101010111011
10000101011000101
10000101100000001
10000101100010011
10000101100010101
10000101101010001
10000101101011101
10000101111001101
10000101111010011
10000101111100101
10000110000001111
10000110000011101
10000110000100001
10000110001101001
10000110001110001
10000110001111011
10000110010001101
10000110010010101
10000110010100011
10000110010101111
10000110011110011
10000110101000011
10000110110000011
10000110110001111
10000110111010011
10000110111100101
10000111001000101
10000111010000101
10000111010011101
10000111010100111
10000111100000101
10000111100001001
10000111100011011
10000111101101001
10000111101110111
10000111110000111
10000111110010101
10000111110110001
10000111111001111
10000111111011011
10001000000001011
10001000001000011
10001000001001111
10001000001011101
10001000001111111
10001000010000011
10001000010000101
10001000010010111
10001000100011101
10001000101101111
10001000111001001
10001000111011011
10001000111110011
10001001001000001
10001001001010011
10001001001100011
10001001001110111
10001001010000001
10001001010001011
10001001010101111
10001001011000101
10001001011011011
10001001011101101
10001001011110011
10001001100111011
10001001100111101
10001001101110101
10001001101111001
10001001110011101
10001010000001001
10001010000011011
10001010001001101
10001010010000111
10001010010010011
10001010010101111
10001010011001001
10001010011010001
10001010011101101
10001010011111001
10001010100000111
10001010110001111
10001010110100001
10001010110101011
10001010111010101
10001010111111011
10001011000011111
10001011000110111
10001011000111101
10001011001000011
10001011001010001
10001011010011011
10001011010101011
10001011011011001
10001011011111101
10001011100111111
10001011101000111
10001011101010011
10001011110011001
10001011110100011
10001011110101001
10001011111010111
10001100001101111
10001100010001101
10001100010010011
10001100010101001
10001100010111011
10001100011111001
10001100011111111
10001100100100011
10001100100100101
10001100101101011
10001100101110101
10001100101111001
10001100110110011
10001100111100101
10001100111111101
10001101000000111
10001101001010111
10001101001101011
10001101010001001
10001101011100011
10001101011100101
10001101100001001
10001101100101011
10001101101000111
10001101101001011
10001101110101111
10001101110111011
10001101110111101
10001101111000011
10001101111010111
10001101111100001
10001110000101001
10001110001100001
10001110010000101
10001110010011101
10001110010110101
10001110011001011
10001110011001101
10001110011101001
10001110011101111
10001110011110001
10001110100010111
10001110100111111
10001110101010011
10001110101011001
10001110101011111
10001110101100101
10001110101110111
10001110110000001
10001110110000111
10001110111111111
10001111000100001
10001111000111111
10001111001011111
10001111001110001
10001111001111011
10001111010011001
10001111010011111
10001111011000011
10001111011001111
10001111011100111
10001111011110011
10001111100101001
10001111100111011
10001111101010111
10001111101110101
10001111110000011
10001111110011011
10001111110111001
10001111110111111
10001111111000001
10010000000111101
10010000001010001
10010000010001111
10010000010011011
10010000010111001
10010000011000111
10010000100000101
10010000110000111
10010000110010101
10010000110101001
10010000110110001
10010000111100001
10010001000100111
10010001000110101
10010001001000001
10010001001010011
10010001010001011
10010001010010011
10010001010101111
10010001010110001
10010001100101001
10010001101000101
10010001101010111
10010001101101101
10010001111100011
10010010000001111
10010010000101101
10010010000111001
10010010001001011
10010010010011001
10010010010011111
10010010011100111
10010010011111111
10010010100010101
10010010101010111
10010010101011101
10010010101110011
10010010101111001
10010010110011011
10010010111100101
10010011000000111
10010011000010101
10010011000100011
10010011000111101
10010011001010001
10010011001111111
10010011010000011
10010011011111011
10010011100010001
10010011100111001
10010011101011001
10010011101100011
10010011110000111
10010011110100101
10010011111000101
10010011111101101
10010100000011101
10010100001000001
10010100001110001
10010100001111011
10010100010101001
10010100011000101
10010100011110101
10010100100001011
10010100100011001
10010100101000011
10010100101000101
10010100110000011
10010100110001001
10010100110011101
10010100110111001
10010100111000111
10010100111010101
10010100111110001
10010101000100101
10010101000101001
10010101000110001
10010101000111011
10010101001111111
10010101010000101
10010101010100111
10010101011001101
10010101011011001
10010101100001001
10010101100100111
10010101101010011
10010101101111011
10010101101111101
10010101110011001
10010101111010001
10010101111011011
10010110000011111
10010110000111011
10010110001001111
10010110001011101
10010110001100001
10010110001101011
10010110001110011
10010110001111001
10010110010111001
10010110011100011
10010110011110111
10010110011111011
10010110100110101
10010110101000001
10010110101100101
10010110110000001
10010110111011011
10010110111100001
10010111000001111
10010111001000111
10010111001001011
10010111001001101
10010111001110001
10010111011000101
10010111011111001
10010111011111111
10010111100111101
10010111101000011
10010111101011011
10010111101100111
10010111110100111
10010111111010011
10011000000010111
10011000000100111
10011000001110111
10011000010000001
10011000010101111
10011000011000011
10011000011011101
10011000011101101
10011000011110101
10011000100000111
10011000100001101
10011000100101001
10011000101110011
10011000110100111
10011000110101011
10011000111001101
10011000111011001
10011001000101111
10011001000110111
10011001000111101
10011001001001001
10011001001010111
10011001001011011
10011001001110101
10011001010011101
10011001010110101
10011001011011001
10011001011101111
10011001011110001
10011001100000101
10011001100011011
10011001100111001
10011001110011111
10011001110101001
10011001111000101
10011001111010001
10011001111110011
10011010000010101
10011010000100101
10011010010011011
10011010011111101
10011010100000101
10011010100011101
10011010101001011
10011010101110001
10011010101111101
10011010110100011
10011010111001001
10011010111010111
10011011000011011
10011011000110101
10011011001101111
10011011010011001
10011011010101001
10011011011000011
10011011011010001
10011011011101101
10011011100000111
10011011100001011
10011011100011001
10011011101000011
10011011111001101
10011011111100011
10011100000000001
10011100000001101
10011100000011111
10011100000110111
10011100001001001
10011100001011101
10011100001101101
10011100011000111
10011100011001011
10011100011011111
10011100011111011
10011100100100001
10011100100111111
10011100101001101
10011100101010011
10011100101011111
10011100101100101
10011100110011001
10011100110110111
10011100110111101
10011100111001001
10011100111111111
10011101000001001
10011101000011011
10011101001010101
10011101001100101
10011101001101001
10011101001110111
10011101010111101
10011101011001111
10011101011110011
10011101100101001
10011101101000101
10011101101011011
10011101110011101
10011101111001011
10011101111010011
10011101111101111
10011101111110001
10011110001000111
10011110001001011
10011110001101001
10011110001101111
10011110010010011
10011110100000111
10011110100010011
10011110100100011
10011110100110001
10011110100111101
10011110101000011
10011110101001001
10011110101100111
10011110101101011
10011110110000011
10011110110010001
10011110110110011
10011110111000001
10011110111001101
10011111000110001
10011111001000011
10011111001000101
10011111001010001
10011111001010111
10011111010001111
10011111011010011
10011111011011111
10011111011101001
10011111011111011
10011111100011101
10011111110000001
10011111110100101
10011111111000101
10100000001110101
10100000010011101
10100000011001101
10100000100001001
10100000100111111
10100000101001011
10100000101010011
10100000101011001
10100000110010011
10100000110011001
10100000110101111
10100000110111011
10100000110111101
10100000111100001
10100000111100111
10100000111110011
10100000111111111
10100001000000011
10100001000010001
10100001001001011
10100001001110001
10100001010000001
10100001010101001
10100001011001111
10100001011100001
10100001011101101
10100001100001011
10100001101000011
10100001101111111
10100001110000011
10100001110111111
10100001111101111
10100001111111011
10100010000001111
10100010001000111
10100010001110111
10100010010010101
10100010010011111
10100010010100011
10100010010111011
10100010011000101
10100010011100001
10100010011111001
10100010100001011
10100010100101001
10100010100110111
10100010101110011
10100010110001001
10100010110001111
10100010110011011
10100010110011101
10100010110110101
10100010110111001
10100010111110111
10100010111111101
10100011000101001
10100011001000101
10100011001011101
10100011001110011
10100011010010001
10100011010100001
10100011011001011
10100011011010101
10100011011011111
10100011011101001
10100011011111101
10100011100100001
10100011101111101
10100011110010011
10100011110011001
10100011111000011
10100011111001001
10100011111111001
10100100000011101
10100100000110101
10100100000111111
10100100001011001
10100100010000001
10100100010101001
10100100011000011
10100100011011011
10100100011111111
10100100100001011
10100100100010101
10100100100101111
10100100100110001
10100100111011111
10100100111100101
10100100111111011
10100101000010011
10100101000010101
10100101000101111
10100101001101101
10100101001110101
10100101010101101
10100101010110101
10100101011001011
10100101011011111
10100101011110111
10100101011111011
10100101100100001
10100101101001101
10100101101100011
10100101101111101
10100101110110111
10100101111001001
10100101111001111
10100101111011101
10100101111110011
10100101111111001
10100101111111111
10100110000011111
10100110001100111
10100110001110011
10100110010100111
10100110010111001
10100110011000111
10100110011110111
10100110011111101
10100110100001111
10100110100111001
10100110101001101
10100110101011111
10100110101101001
10100110101110001
10100110110001011
10100110110001101
10100110111100111
10100110111101011
10100110111110011
10100111001001011
10100111001101111
10100111010000001
10100111010000111
10100111010100011
10100111010101111
10100111010110001
10100111011101011
10100111011110101
10100111100100101
10100111100110001
10100111101001001
10100111101010111
10100111101011011
10100111101100001
10100111101101101
10100111110001111
10100111110100001
10100111111100011
10101000000000011
10101000000001111
10101000001011001
10101000010000001
10101000010100101
10101000010110111
10101000010111011
10101000011001001
10101000011010111
10101000011101011
10101000100000111
10101000100100101
10101000101001001
10101000101011101
10101000101101101
10101000110100001
10101000110100111
10101000111010011
10101000111011111
10101001000001011
10101001001000101
10101001001011101
10101001001100001
10101001010010111
10101001100001001
10101001100100111
10101001101100011
10101001101110111
10101001111100001
10101010001010111
10101010001011011
10101010001111111
10101010010000011
10101010010110101
10101010010111001
10101010011011111
10101010100100111
10101010100101101
10101010101001011
10101010110010011
10101010110101111
10101010111110101
10101011000100001
10101011000101011
10101011000101101
10101011001000111
10101011010011111
10101011011000101
10101011011110101
10101011100101001
10101011101010001
10101011110101011
10101100000000111
10101100000100101
10101100000111101
10101100010001001
10101100010110011
10101100011010011
10101100011011001
10101100011011111
10101100100101011
10101100101001011
10101100101001101
10101100101101001
10101100110001101
10101100110010011
10101100110011111
10101100110100011
10101100111001111
10101100111010111
10101100111111111
10101101001010101
10101101001110001
10101101001111101
10101101010011001
10101101010100101
10101101010110111
10101101011010111
10101101101000101
10101101101001111
10101101101010111
10101101110101011
10101101111000111
10101101111011111
10101110000000101
10101110010011001
10101110010100011
10101110010100101
10101110011101011
10101110100000111
10101110100110001
10101110100110111
10101110100111011
10101110101111111
10101110110010001
10101110110101011
10101110111000111
10101110111110001
10101110111111101
10101111000001011
10101111000011001
10101111000101001
10101111000110111
10101111001010111
10101111001100111
10101111010101011
10101111011010101
10101111011100101
10101111101010101
10101111110001101
10101111110111101
10110000000100001
10110000000111001
10110000001100011
10110000001110111
10110000010011111
10110000011011101
10110000100001011
10110000100011001
10110000100111101
10110000101000011
10110000101100111
10110000101111111
10110000110101101
10110000111010011
10110001000010011
10110001000110001
10110001000111011
10110001001100001
10110001001101011
10110001001110011
10110001010001111
10110001010010111
10110001100101101
10110001100110011
10110001100110101
10110001101010011
10110001101100101
10110001101111011
10110001110000001
10110001111101101
10110001111110101
10110010000000111
10110010000011111
10110010000111011
10110010001000011
10110010001010001
10110010010010111
10110010010011011
10110010011101001
10110010011110111
10110010100001111
10110010100101011
10110010100110101
10110010100111001
10110010100111111
10110010101100101
10110010110010011
10110010110100101
10110010111100111
10110010111110011
10110011000000101
10110011001110001
10110011010101001
10110011010111011
10110011011010111
10110011100000111
10110011100011001
10110011101101011
10110011101111001
10110011110100001
10110011110111111
10110011111011001
10110011111011111
10110011111110111
10110100000000001
10110100000001011
10110100000011111
10110100001001001
10110100010011101
10110100011001011
10110100011010011
10110100011010101
10110100100010111
10110100101000111
10110100101010101
10110100110001101
10110100110101111
10110100111001111
10110100111010111
10110101001110111
10110101010100101
10110101011100111
10110101100000001
10110101100001101
10110101100100011
10110101101010111
10110101101101011
10110101110001111
10110101110011101
10110101110101011
10110101111000111
10110101111111011
10110110000000011
10110110000011101
10110110000111001
10110110001101111
10110110010000001
10110110010010011
10110110010100101
10110110011100111
10110110100010101
10110110100111011
10110110101000011
10110110110001001
10110110110011101
10110110110110011
10110110110111111
10110110111000001
10110110111100101
10110111000011001
10110111001010001
10110111001011101
10110111001100111
10110111001111111
10110111010000101
10110111010010001
10110111010010111
10110111010011011
10110111011011001
10110111011111101
10110111101000111
10110111110001101
10110111111001001
10110111111011011
10110111111111111
10111000000100101
10111000000101001
10111000001010111
10111000001011011
10111000001100001
10111000001101011
10111000001101101
10111000010011101
10111000010110011
10111000011111101
10111000100010001
10111000101011001
10111000101011111
10111000101101111
10111000110000001
10111000111000011
10111000111011101
10111000111111001
10111001000000101
10111001000011101
10111001000101101
10111001001011111
10111001001100011
10111001001110001
10111001010011001
10111001010100011
10111001010101111
10111001011001111
10111001011011101
10111001011100001
10111001100101001
10111001101000101
10111001101101101
10111001110010001
10111001110011011
10111001110101101
10111001110111001
10111010000010001
10111010000111001
10111010001101001
10111010001111101
10111010010000001
10111010010000111
10111010010010101
10111010010110111
10111010011000101
10111010011010111
10111010011101101
10111010100000001
10111010100010101
10111010100100011
10111010101001001
10111010110000011
10111010110011011
10111010110100001
10111010110100111
10111011000001101
10111011000011001
10111011000111011
10111011000111101
10111011001000011
10111011001010111
10111011010011101
10111011011000111
10111011011011111
10111011100011011
10111011100011101
10111011101000001
10111011101001011
10111011110000001
10111011110100101
10111011110110111
10111100000001001
10111100000110101
10111100000111111
10111100010011001
10111100011001001
10111100011010001
10111100011011011
10111100011011101
10111100011101011
10111100100000001
10111100100001101
10111100101111001
10111100101111111
10111100110010001
10111100110010111
10111100111101001
10111100111101111
10111101000000001
10111101000011111
10111101010100111
10111101010101011
10111101010111001
10111101011110111
10111101100000101
10111101100111001
10111101101100011
10111101110110001
10111101110111011
10111101111110101
10111110000110111
10111110001001111
10111110001011101
10111110010100001
10111110010110101
10111110010111111
10111110011001011
10111110011010011
10111110100100001
10111110101000111
10111110101011001
10111110110000111
10111110110100101
10111110110101001
10111110111000101
10111110111010111
10111111000011101
10111111000101011
10111111001001011
10111111001011001
10111111001100101
10111111010001011
10111111010010011
10111111010101111
10111111010111011
10111111011000101
10111111011010001
10111111011101101
10111111100001011
10111111100101111
10111111100110001
10111111101000101
10111111101110101
10111111110110011
10111111111000111
10111111111010011
11000000000010011
11000000000010101
11000000001101101
11000000010000101
11000000011110111
11000000100010111
11000000100101011
11000000110110111
11000001000010001
11000001000011011
11000001001000001
11000001001010101
11000001010001011
11000001010010011
11000001010011111
11000001010111011
11000001011001001
11000001011110011
11000001011111111
11000001100000111
11000001100101001
11000001101010111
11000001101011101
11000001101100001
11000001101111001
11000001110000101
11000001110111111
11000001111000001
11000001111011111
11000001111110001
11000010000010001
11000010000011011
11000010000110011
11000010001001101
11000010001101111
11000010010101111
11000010011001111
11000010011010001
11000010011011101
11000010011111001
11000010100001101
11000010100010011
11000010100101001
11000010100110111
11000010101100001
11000010101101101
11000010101111001
11000010101111111
11000010110000101
11000010111000111
11000010111011001
11000010111101001
11000010111111011
11000011000001011
11000011000011001
11000011000100101
11000011000110111
11000011010101011
11000011011000001
11000011011011001
11000011011110001
11000011011110111
11000011100001111
11000011100011101
11000011100100001
11000011100110011
11000011101000001
11000011101010011
11000011110101111
11000011110110001
11000011111000101
11000100000110011
11000100001011111
11000100001100011
11000100011001001
11000100100101111
11000100100110001
11000100101011101
11000100101111001
11000100101111111
11000100110011011
11000100110100111
11000100110101101
11000100111101111
11000100111111011
11000101001000101
11000101001100001
11000101001100111
11000101001110011
11000101001110101
11000101010011101
11000101011100101
11000101100110101
11000101101011001
11000101101100011
11000101110000001
11000101110110111
11000101111010001
11000101111011011
11000110000001101
11000110000100011
11000110010010001
11000110010010111
11000110010011101
11000110011001011
11000110011101111
11000110100100111
11000110110010101
11000110110100011
11000110110100101
11000110110111101
11000110111001001
11000110111100111
11000111000100001
11000111001000111
11000111001101001
11000111010110001
11000111101010111
11000111110001001
11000111111010011
11000111111011001
11000111111100101
11000111111101111
11001000000000011
11001000000001111
11001000000011011
11001000000100111
11001000001000111
11001000010001101
11001000010100101
11001000011100111
11001000100011111
11001000101000011
11001000101101011
11001000101111001
11001000110011011
11001000110100001
11001001000110001
11001001001010001
11001001001101101
11001001001111001
11001001010000011
11001001010001001
11001001010100111
11001001011111101
11001001100000101
11001001100010111
11001001100100111
11001001100110101
11001001101001101
11001001101010101
11001001110011111
11001001111000101
11001001111011011
11001001111101011
11001001111110011
11001010000000001
11001010000111011
11001010001110011
11001010010001001
11001010010010001
11001010010100111
11001010011000001
11001010100000101
11001010100011011
11001010100101011
11001010100111001
11001010101000111
11001010101110001
11001010110001011
11001010110001101
11001010110101001
11001010111000011
11001010111010001
11001011000101101
11001011000110101
11001011001011111
11001011001110111
11001011001111101
11001011010110111
11001011011011011
11001011011111001
11001011100001101
11001011100010101
11001011100011111
11001011101100001
11001011110100001
11001011110101011
11001011110111001
11001011111100011
11001011111101001
11001011111111101
11001100000001011
11001100000100011
11001100000101111
11001100001000011
11001100100001111
11001100100101011
11001100101000001
11001100101000111
11001100110001011
11001100110001101
11001100111000011
11001100111111111
11001101000001111
11001101000011101
11001101000110101
11001101001101111
11001101011010111
11001101100110001
11001101100110111
11001101101011011
11001101101101101
11001101101111001
11001101101111111
11001101111001011
11001101111011111
11001101111101111
11001101111111101
11001110001010011
11001110001100101
11001110001101001
11001110010001101
11001110010100011
11001110011000101
11001110100011001
11001110101000101
11001110101001001
11001110110001111
11001110111110111
11001111000000111
11001111001001111
11001111001010111
11001111001100001
11001111010000011
11001111010010001
11001111010100111
11001111010111001
11001111011000111
11001111011011111
11001111011110001
11001111100000101
11001111100010001
11001111100100001
11001111101001101
11001111101100101
11001111101111011
11001111110010011
11001111110011001
11001111110100101
11001111110110111
11010000000010001
11010000000101101
11010000000110011
11010000001101111
11010000001111011
11010000010010101
11010000011000011
11010000011001111
11010000011110101
11010000100000111
11010000100001101
11010000100100101
11010000100101001
11010000100110111
11010000101000101
11010000110000101
11010000111011001
11010000111111101
11010001000111011
11010001010000011
11010001010001001
11010001010010001
11010001010111111
11010001011000001
11010001011111101
11010001100011011
11010001100100001
11010001100101011
11010001100110011
11010001101010011
11010001101100101
11010001111001111
11010010001001001
11010010001001111
11010010001100111
11010010001111001
11010010010000101
11010010010111111
11010010011000001
11010010011001011
11010010011100101
11010010011101001
11010010011111101
11010010100000101
11010010100010111
11010010100100111
11010010100101011
11010010100110101
11010010101010101
11010010101011001
11010010110000001
11010010110110001
11010010110110111
11010010110111011
11010010111011101
11010011000101101
11010011000111001
11010011001001011
11010011001100011
11010011001110001
11010011001111101
11010011010100101
11010011010110111
11010011011000101
11010011100011111
11010011101100111
11010011110010111
11010011110110011
11010011110111001
11010011110111111
11010100000111011
11010100011010101
11010100011011111
11010100011111101
11010100100000011
11010100100110011
11010100100110101
11010100101001011
11010100101001101
11010100101010011
11010100110001011
11010100110101111
11010100110110001
11010100111100111
11010101001110111
11010101010011111
11010101010111101
11010101011000011
11010101011010001
11010101011110101
11010101100011001
11010101100011111
11010101101010001
11010101101010111
11010101101110101
11010101110100111
11010101110101101
11010101110110101
11010101111010011
11010101111010101
11010110000011101
11010110000100111
11010110001011111
11010110001101001
11010110010001101
11010110010110001
11010110011001111
11010110100010011
11010110100110001
11010110101001111
11010110101011011
11010110101111001
11010110110101101
11010110111000001
11010110111001101
11010110111111011
11010111000010101
11010111000111101
11010111001110101
11010111010010111
11010111010011011
11010111011011111
11010111011100101
11010111101000001
11010111101100101
11010111110010011
11010111110101111
11010111111111111
11011000000010011
11011000000111011
11011000001000011
11011000001010001
11011000001011011
11011000001111111
11011000010000011
11011000010011011
11011000010111001
11011000011000111
11011000011011001
11011000011101111
11011000101010011
11011000101110111
11011000110001011
11011000110011001
11011000110111011
11011000111011101
11011000111100001
11011000111100111
11011001000001001
11011001000011011
11011001001001101
11011001001011001
11011001010000111
11011001011010001
11011001011011011
11011001011101011
11011001011101101
11011001100010011
11011001100100011
11011001101000101
11011001101001001
11011001101001111
11011001101011101
11011001101111111
11011001110001111
11011001110011101
11011001111110001
11011010000001111
11011010000011011
11011010000011101
11011010001010101
11011010001101111
11011010010011001
11011010100111011
11011010101101011
11011010110110011
11011010110111001
11011010110111111
11011010111000111
11011010111100101
11011010111101001
11011011000100101
11011011000111101
11011011001001111
11011011010010001
11011011010011011
11011011011010011
11011011011101111
11011011100010001
11011011101101001
11011011101101111
11011011110010011
11011011110100011
11011011110101001
11011011111010111
11011011111100001
11011011111101101
11011100000011011
11011100000101011
11011100001001101
11011100001010011
11011100001101001
11011100010001011
11011100010001101
11011100010101001
11011100011011101
11011100011100111
11011100100101111
11011100101011011
11011100101101101
11011100101110101
11011100110010001
11011100111110001
11011100111110111
11011101000010101
11011101000110001
11011101001000101
11011101001010111
11011101010000011
11011101010010111
11011101010100001
11011101011001101
11011101011111101
11011101100000101
11011101100011011
11011101100100111
11011101100111111
11011101101001011
11011101101101111
11011101110110001
11011101110111101
11011101111001111
11011110000000111
11011110000001011
11011110000101001
11011110001100001
11011110001100111
11011110011110001
11011110011110111
11011110110001101
11011110110101001
11011110110101111
11011110111110011
11011111000010111
11011111000100001
11011111000111001
11011111001011111
11011111001101001
11011111010100101
11011111011001001
11011111011111001
11011111100100011
11011111100100101
11011111100101111
11011111100110111
11011111101000011
11011111101010001
11011111101101011
11011111110000101
11011111110100111
11011111110101101
11011111111011111
11100000000110101
11100000001001101
11100000001111011
11100000010110001
11100000011001001
11100000011001111
11100000011110011
11100000100001011
11100000100010101
11100000100011001
11100000100110111
11100000101010001
11100000101110101
11100000101111001
11100000110000011
11100000111001101
11100000111011001
11100001001010001
11100001001011101
11100001001100111
11100001010011011
11100001011011111
11100001011100101
11100001100001001
11100001101000001
11100001101110001
11100001101111101
11100001110000001
11100001110011111
11100001110110111
11100001111001001
11100001111100001
11100010000010011
11100010001000101
11100010001111001
11100010011010101
11100010011100011
11100010011101001
11100010100101101
11100010100110011
11100010101000001
11100010101010011
11100010101110111
11100010101111101
11100010110110001
11100010110110111
11100010111010001
11100010111101101
11100011000001001
11100011000011011
11100011000111001
11100011001100101
11100011011011101
11100011011110011
11100011100000001
11100011100101001
11100011101000011
11100011101011011
11100011101110101
11100011110101101
11100011110110101
11100011111111101
11100100000010011
11100100000011001
11100100000110111
11100100001100111
11100100001101011
11100100010001001
11100100011011111
11100100101001011
11100100101010101
11100100101011111
11100100101100011
11100100101101111
11100100110010011
11100100110010101
11100100110101001
11100100110111011
11100101001010011
11100101001100101
11100101010010011
11100101010101001
11100101010111101
11100101011100001
11100101011100111
11100101011110011
11100101100010101
11100101100011001
11100101100011111
11100101100100011
11100101101011101
11100101110101011
11100101111101001
11100101111111011
11100110000100111
11100110001000001
11100110001001011
11100110001100101
11100110001101111
11100110001111011
11100110010000111
11100110010100011
11100110011101101
11100110011110101
11100110100001101
11100110100110111
11100110101010111
11100110101111001
11100110111001011
11100110111101001
11100111000010011
11100111000111011
11100111001001001
11100111001010111
11100111001101101
11100111010100111
11100111010101101
11100111010111111
11100111011110001
11100111100000101
11100111100011011
11100111100100001
11100111100101011
11100111101001101
11100111101100011
11100111101100101
11101000000011001
11101000011111011
11101000100000011
11101000100001111
11101000100101101
11101000101001011
11101000101110001
11101000110010011
11101000110011111
11101000111010111
11101001000010001
11101001001001101
11101001001100011
11101001010001101
11101001010010101
11101001010111011
11101001011101011
11101001011101101
11101001100000001
11101001100111101
11101001111001011
11101001111101111
11101010000011101
11101010001000001
11101010001010101
11101010010011001
11101010010110001
11101010010111011
11101010011011101
11101010011100111
11101010011110011
11101010011110101
11101010011111001
11101010100101111
11101010101001001
11101010101100111
11101010110000011
11101010110001001
11101010110101011
11101010110101101
11101010110110101
11101010110111111
11101010111100011
11101010111100101
11101010111101111
11101010111110001
11101010111110111
11101011000000001
11101011000010101
11101011001011101
11101011010110011
11101011010110101
11101011011001101
11101011100010111
11101011100101101
11101011100110101
11101011101011001
11101011101011111
11101011101111101
11101011110110001
11101011110110111
11101011111010001
11101011111011011
11101100000001111
11101100000100111
11101100000111001
11101100001111101
11101100010011001
11101100011000011
11101100011010001
11101100011110101
11101100100000111
11101100100001011
11101100100011111
11101100101000011
11101100101000101
11101100101001111
11101100101100111
11101100101110101
11101100110110011
11101100111110111
11101100111111011
11101101000010101
11101101001011101
11101101010110101
11101101011001011
11101101011010011
11101101100000011
11101101100001111
11101101100111001
11101101101000111
11101101101001011
11101101110000111
11101101110100011
11101101110100101
11101101111010111
11101101111011101
11101101111110011
11101110000001101
11101110000011001
11101110000101111
11101110001000101
11101110010010001
11101110010101011
11101110010101101
11101110010111001
11101110011010011
11101110100011011
11101110101000111
11101110101110001
11101110110010101
11101110111100001
11101111000000011
11101111001001101
11101111001100101
11101111001101001
11101111001111011
11101111010100101
11101111010111101
11101111011000011
11101111100110111
11101111100111011
11101111101000101
11101111101010111
11101111101110011
11101111111001101
11101111111101111
11110000000010011
11110000000010101
11110000000110111
11110000001000101
11110000001001001
11110000001011011
11110000001100001
11110000001111111
11110000010110011
11110000011011111
11110000011101001
11110000100010111
11110000100110011
11110000101001101
11110000101100101
11110000110110111
11110000111000011
11110001000001001
11110001001011111
11110001010001101
11110001011111001
11110001101000101
11110001101010001
11110001101100001
11110001101110011
11110001110011011
11110001110101101
11110001111100101
11110010000010001
11110010001001011
11110010001101001
11110010001111101
11110010011011011
11110010011110011
11110010100000001
11110010100110111
11110010101101011
11110010110011011
11110010110110101
11110010111011111
11110011000000111
11110011000001011
11110011000101111
11110011001000011
11110011001101011
11110011010000101
11110011010011101
11110011010111001
11110011011110001
11110011100101101
11110011100110101
11110011110001011
11110011110011111
11110011110100101
11110011110101111
11110011110111011
11110011111100001
11110100000110011
11110100001101111
11110100001110111
11110100010000001
11110100010011001
11110100010100101
11110100011001111
11110100100000001
11110100100100011
11110100100100101
11110100100111011
11110100101010111
11110100111111011
11110100111111101
11110101000011001
11110101000011111
11110101001000011
11110101001010001
11110101001100001
11110101010001001
11110101010010001
11110101010011101
11110101011100101
11110101011101111
11110101011111101
11110101100000101
11110101100100001
11110101100101011
11110101100101101
11110101101010101
11110101101111011
11110101110011111
11110101110110001
11110101111000011
11110101111001111
11110101111101011
11110110000001011
11110110000101111
11110110000110001
11110110001000011
11110110001011011
11110110001100111
11110110001101101
11110110001111001
11110110010110011
11110110011011001
11110110011100101
11110110100010001
11110110100011101
11110110100100111
11110110110111011
11110110111011011
11110111000011011
11110111001100011
11110111001110001
11110111010011001
11110111010101111
11110111011011011
11110111100100011
11110111100111101
11110111101010111
11110111110000101
11110111110010111
11110111110110011
11110111110111001
11110111111011111
11110111111100011
11110111111110111
11111000000101101
11111000000111001
11111000001001101
11111000001011111
11111000001100101
11111000001101001
11111000010101111
11111000010111101
11111000011010001
11111000100010011
11111000100110111
11111000110100111
11111000110101011
11111000111001011
11111000111010011
11111001000001101
11111001001000101
11111001001001001
11111001001111111
11111001010000011
11111001010101011
11111001011010101
11111001011011111
11111001011110001
11111001100010111
11111001100110101
11111001110000001
11111001110000111
11111001110010011
11111001110011001
11111001110101111
11111001111001111
11111010000011111
11111010000100011
11111010001101011
11111010010001111
11111010010011101
11111010011010011
11111010011110001
11111010011111011
11111010100011101
11111010100100111
11111010100111001
11111010101100101
11111010101110001
11111010111010111
11111011000001111
11111011000100001
11111011000100111
11111011000101011
11111011000110101
11111011000111001
11111011001010101
11111011010000111
11111011010011111
11111011010100101
11111011011000101
11111011011011101
11111011011101011
11111011011110011
11111011011111001
11111011100010101
11111011100100101
11111011101001111
11111011110000011
11111011110110011
11111011110110101
11111011111001101
11111011111101111
11111011111111011
11111100000000001
11111100000100101
11111100000111101
11111100011110001
11111100100000101
11111100100111001
11111100101001101
11111100101110001
11111100110111011
11111100111010001
11111101000100001
11111101001000001
11111101001001011
11111101001111101
11111101010001011
11111101011100111
11111101100000001
11111101101010111
11111101101011011
11111101101101101
11111101101111111
11111101110000011
11111101110000101
11111101111001011
11111101111001101
11111101111110001
11111110000001111
11111110000010001
11111110000011011
11111110001010101
11111110010011111
11111110010101001
11111110011001001
11111110011101101
11111110100001101
11111110100100011
11111110100111101
11111110101000011
11111110101110101
11111110110000101
11111110110011011
11111110110110011
11111110110111111
11111111000100101
11111111000110001
11111111001001001
11111111010000011
11111111011101001
11111111100000101
11111111100110011
11111111100110101
11111111100111001
11111111101110001
11111111110100101
11111111111101011
11111111111101101
count = 2048


