0 2.070000
1 0.750000
2 1.100000
3 0.980000
4 0.970000
5 0.980000
6 0.940000
7 0.930000
8 1.020000
9 1.020000
10 0.850000
11 1.000000
12 1.040000
13 1.160000
14 0.880000
15 1.100000
16 0.850000
17 1.070000
18 1.020000
19 1.220000
20 0.960000
21 1.210000
22 1.040000
23 0.900000
24 0.870000
25 1.020000
26 0.860000
27 1.170000
28 0.980000
29 0.970000
30 0.900000
31 0.930000
32 1.140000
33 1.050000
34 1.030000
35 1.350000
36 1.200000
37 0.950000
38 1.180000
39 0.950000
40 1.120000
41 0.880000
42 0.920000
43 1.120000
44 0.940000
45 1.090000
46 0.930000
47 1.070000
48 1.220000
49 1.000000
50 0.980000
51 0.830000
52 1.040000
53 1.110000
54 0.920000
55 1.120000
56 0.740000
57 0.970000
58 0.930000
59 0.900000
60 0.960000
61 1.070000
62 0.910000
63 0.860000
64 1.000000
65 0.940000
66 1.030000
67 1.020000
68 1.000000
69 1.060000
70 0.910000
71 0.980000
72 0.960000
73 0.720000
74 0.920000
75 0.810000
76 0.900000
77 0.970000
78 1.080000
79 1.050000
80 0.940000
81 1.160000
82 0.990000
83 0.960000
84 0.960000
85 0.900000
86 0.810000
87 0.910000
88 1.030000
89 1.090000
90 0.930000
91 1.100000
92 0.840000
93 1.110000
94 0.990000
95 0.920000
96 1.230000
97 0.830000
98 1.050000
99 1.020000
100 1.130000
101 0.910000
102 0.850000
103 0.960000
104 1.070000
105 1.050000
106 1.010000
107 1.070000
108 1.250000
109 0.970000
110 0.900000
111 1.150000
112 0.950000
113 1.040000
114 1.010000
115 1.080000
116 0.950000
117 0.900000
118 1.160000
119 0.820000
120 1.030000
121 0.920000
122 0.800000
123 1.020000
124 0.950000
125 0.940000
126 1.150000
127 0.940000
128 0.960000
129 0.970000
130 0.920000
131 0.940000
132 1.040000
133 0.910000
134 1.080000
135 1.020000
136 1.060000
137 0.760000
138 0.900000
139 1.040000
140 1.020000
141 0.930000
142 1.080000
143 0.940000
144 1.000000
145 1.150000
146 0.980000
147 0.960000
148 0.990000
149 1.040000
150 1.010000
151 1.070000
152 0.960000
153 0.820000
154 1.070000
155 0.940000
156 0.920000
157 1.060000
158 0.950000
159 1.000000
160 1.000000
161 0.850000
162 0.950000
163 1.000000
164 1.140000
165 0.880000
166 0.870000
167 0.990000
168 0.960000
169 0.960000
170 1.030000
171 0.840000
172 1.080000
173 1.020000
174 0.870000
175 1.010000
176 1.040000
177 0.870000
178 0.930000
179 0.870000
180 1.010000
181 1.060000
182 1.000000
183 0.890000
184 0.890000
185 1.250000
186 1.070000
187 1.010000
188 1.100000
189 1.170000
190 0.910000
191 1.140000
192 1.100000
193 1.180000
194 1.010000
195 0.980000
196 1.020000
197 0.920000
198 0.990000
199 0.950000
200 1.230000
201 1.150000
202 0.890000
203 0.900000
204 1.130000
205 0.980000
206 0.960000
207 0.910000
208 1.160000
209 0.800000
210 1.020000
211 0.990000
212 1.050000
213 0.930000
214 1.040000
215 0.980000
216 0.910000
217 1.120000
218 1.050000
219 1.070000
220 0.950000
221 0.970000
222 1.030000
223 0.940000
224 1.090000
225 1.130000
226 0.990000
227 1.070000
228 0.770000
229 0.870000
230 1.100000
231 0.950000
232 1.100000
233 1.050000
234 1.070000
235 0.930000
236 0.880000
237 0.840000
238 0.850000
239 1.030000
240 0.880000
241 1.040000
242 1.080000
243 1.020000
244 1.150000
245 0.900000
246 1.150000
247 0.990000
248 0.960000
249 1.170000
250 1.010000
251 1.020000
252 1.090000
253 0.940000
254 1.130000
255 0.950000
