0 1.090000
1 0.980000
2 1.010000
3 1.020000
4 1.010000
5 0.990000
6 0.940000
7 0.960000
8 1.020000
9 1.070000
10 0.920000
11 1.020000
12 0.950000
13 0.870000
14 1.040000
15 1.090000
16 0.920000
17 0.920000
18 1.030000
19 0.890000
20 0.920000
21 1.150000
22 0.970000
23 1.010000
24 1.100000
25 1.050000
26 1.210000
27 0.840000
28 1.180000
29 0.950000
30 0.960000
31 0.960000
32 1.190000
33 1.240000
34 0.900000
35 1.020000
36 0.930000
37 1.080000
38 1.030000
39 0.840000
40 1.090000
41 1.040000
42 0.970000
43 1.070000
44 0.820000
45 1.230000
46 0.980000
47 0.980000
48 0.950000
49 1.090000
50 0.890000
51 0.960000
52 1.070000
53 0.890000
54 0.980000
55 0.990000
56 1.030000
57 1.170000
58 0.910000
59 0.950000
60 1.060000
61 0.970000
62 1.000000
63 1.090000
64 0.980000
65 1.070000
66 0.910000
67 1.280000
68 0.860000
69 1.080000
70 0.870000
71 1.110000
72 0.900000
73 0.900000
74 1.010000
75 0.870000
76 1.000000
77 1.000000
78 1.000000
79 0.860000
80 1.160000
81 1.160000
82 1.110000
83 0.940000
84 0.710000
85 0.870000
86 1.040000
87 1.070000
88 1.030000
89 1.090000
90 1.240000
91 0.850000
92 0.810000
93 1.120000
94 1.010000
95 0.940000
96 0.820000
97 1.140000
98 0.960000
99 0.890000
100 1.090000
101 1.070000
102 0.800000
103 1.140000
104 0.940000
105 1.040000
106 0.930000
107 0.990000
108 0.900000
109 0.860000
110 0.970000
111 0.880000
112 1.160000
113 0.930000
114 0.940000
115 1.080000
116 1.080000
117 1.140000
118 0.950000
119 0.990000
120 0.960000
121 1.140000
122 1.160000
123 0.950000
124 1.130000
125 1.020000
126 0.880000
127 1.040000
128 0.940000
129 0.980000
130 1.090000
131 1.020000
132 0.950000
133 1.050000
134 1.130000
135 0.980000
136 0.910000
137 1.010000
138 1.160000
139 1.080000
140 1.050000
141 0.810000
142 1.000000
143 1.070000
144 1.050000
145 1.050000
146 1.100000
147 1.030000
148 0.770000
149 1.010000
150 1.170000
151 1.010000
152 1.130000
153 0.970000
154 1.030000
155 1.020000
156 1.030000
157 0.890000
158 1.100000
159 1.180000
160 1.030000
161 0.990000
162 0.860000
163 1.130000
164 1.050000
165 0.900000
166 1.040000
167 0.820000
168 1.160000
169 1.100000
170 0.900000
171 0.890000
172 0.980000
173 1.170000
174 0.840000
175 1.040000
176 0.960000
177 1.040000
178 0.780000
179 0.940000
180 1.220000
181 1.010000
182 0.820000
183 0.810000
184 1.040000
185 1.040000
186 0.810000
187 0.970000
188 0.860000
189 0.990000
190 0.840000
191 0.820000
192 1.010000
193 1.070000
194 0.920000
195 0.900000
196 1.100000
197 0.950000
198 1.040000
199 1.210000
200 1.130000
201 1.030000
202 0.890000
203 0.970000
204 0.770000
205 0.990000
206 1.010000
207 0.950000
208 1.190000
209 1.070000
210 1.100000
211 0.940000
212 0.990000
213 1.030000
214 1.060000
215 1.030000
216 1.020000
217 0.990000
218 1.100000
219 0.960000
220 1.070000
221 0.740000
222 0.850000
223 0.890000
224 1.050000
225 0.940000
226 0.940000
227 1.060000
228 1.050000
229 0.960000
230 1.130000
231 0.990000
232 0.930000
233 0.840000
234 0.920000
235 0.800000
236 1.030000
237 1.260000
238 0.950000
239 1.050000
240 1.030000
241 1.020000
242 0.840000
243 0.940000
244 0.920000
245 1.030000
246 1.210000
247 1.020000
248 1.020000
249 1.040000
250 1.020000
251 1.050000
252 1.050000
253 1.000000
254 1.060000
255 0.990000
